x1= 57.32728043025646
x2= -1142.3534091097454
x3= 5821.6915095807935
x4= -8644.015575947664
x5= -3710.1104724182924
x6= 7498.255251101529
x7= 27493.040683296407
x8= -47662.393653781575
x9= 20504.042331034565
x10= -203.96944917802563
