x1= 11.059880345209038
x2= 58.563175767378766
x3= -1203.8804701656636
x4= 4144.573060427431
x5= -5226.012694899491
x6= 2226.060914313412
