x1= 11.059880344280844
x2= 58.563175769713894
x3= -1203.8804701777156
x4= 4144.573060452849
x5= -5226.01269492545
x6= 2226.0609143228257
