x1= 11.059876024277985
x2= 58.56311738304592
x3= -1203.879404790263
x4= 4144.569338336248
x5= -5226.00802656437
x6= 2226.058965781852
