x1= 14.444444444444445
x2= 7.222222222222222
x3= 9.999999999999998
